function [f] = relfaktor(U)
e = 1.6021766*10^-19;
h = 6.626070*10^-34;
m = 9.109384*10^-31;
c = 299792458;
f = sqrt(1./(1+e*U./(2*m*c^2)));